0 34 10 8 25 13 8 4 3 3 6 3 5 4 2 3 6 5 2 2 4 2 4 4 4 1 8 6 10 9 2 2 3 3 12 8 7 9 2 3 3 3 2 3 1 2 2 2 1 6 2 2 3 5 1 2 3 1 1 1 1 0 1 2 1 3 5 4 2 4 2 3 1 0 1 1 2 1 1 8 5 1 4 2 3 0 2 2 1 4 5 1 3 1 0 0 2 2 2 1
34 0 23 28 19 28 23 7 8 4 3 3 5 8 11 3 3 8 3 5 1 1 2 3 7 2 1 3 9 7 6 7 6 2 9 3 3 8 4 3 3 4 8 1 2 2 6 2 0 3 4 2 4 0 0 3 3 0 1 4 1 0 2 2 2 2 1 3 1 1 0 2 4 1 3 2 1 4 3 2 7 3 1 2 7 2 2 0 1 2 0 0 0 0 2 2 2 1 1 4
10 23 0 34 10 27 21 4 8 1 7 4 1 9 4 3 2 1 2 7 4 2 2 2 3 6 3 1 8 3 2 2 1 4 1 2 5 7 4 4 7 1 2 3 2 2 4 2 0 3 1 1 1 1 2 1 1 1 1 3 0 1 1 2 0 3 4 5 3 0 1 1 3 1 5 0 2 5 0 2 2 1 4 2 2 2 1 2 2 1 2 2 0 0 0 2 3 1 1 2
8 28 34 0 14 43 21 12 4 2 3 5 4 7 3 7 7 14 5 7 4 2 3 6 3 3 3 7 6 7 3 2 3 5 3 2 3 3 4 3 3 4 5 2 7 5 2 0 2 1 2 4 4 4 5 0 3 0 2 1 0 3 4 2 0 1 2 1 0 2 1 2 3 2 1 3 3 3 4 4 0 1 3 3 3 3 1 2 2 0 1 2 2 3 0 0 3 2 1 3
25 19 10 14 0 9 5 6 1 5 9 1 3 5 5 2 3 5 4 3 1 4 3 4 6 2 3 1 5 5 4 6 9 6 7 6 10 6 11 10 7 15 6 2 2 1 3 3 0 3 2 2 5 3 0 3 2 3 2 2 1 1 0 3 2 2 3 2 3 1 0 1 1 4 0 2 0 4 1 0 4 1 4 3 6 3 7 1 3 3 3 2 0 5 2 0 1 1 0 1
13 28 27 43 9 0 48 11 17 7 3 11 2 13 12 8 11 16 5 9 6 2 1 6 5 5 5 6 6 8 6 2 3 4 7 3 2 4 4 4 6 2 6 4 1 4 2 1 0 0 1 0 3 2 1 0 0 0 3 0 2 0 0 1 1 1 5 2 0 1 2 2 0 2 1 2 2 2 4 5 1 2 4 2 3 1 2 1 2 1 1 2 1 1 2 0 0 1 2 1
8 23 21 21 5 48 0 34 23 11 12 5 10 13 11 10 15 15 6 7 10 2 6 2 7 7 5 7 5 8 1 4 4 1 1 4 4 1 2 3 3 2 1 3 2 1 2 3 3 2 2 0 2 1 1 1 3 1 0 3 2 1 1 1 2 2 2 4 2 0 0 1 0 5 2 1 2 1 1 0 2 6 3 3 3 0 0 0 3 1 1 3 2 1 0 0 2 2 1 3
4 7 4 12 6 11 34 0 88 14 15 11 7 17 29 25 35 36 7 15 4 3 4 4 6 8 13 5 3 5 6 6 3 1 6 2 2 4 1 3 2 5 1 1 1 4 3 2 1 2 2 1 1 1 4 2 1 2 1 0 1 1 2 0 1 1 1 3 1 1 0 2 1 1 1 2 3 1 1 2 1 3 1 1 2 1 0 1 2 2 3 2 2 1 3 1 0 1 3 0
3 8 8 4 1 17 23 88 0 26 21 19 13 12 45 30 41 64 20 18 7 10 5 12 10 4 9 5 8 10 5 3 3 2 1 3 4 1 3 1 2 2 1 3 3 1 1 1 1 1 0 2 0 2 1 1 0 1 2 2 0 1 3 3 0 2 1 1 1 1 1 0 0 0 2 1 1 0 3 3 3 2 1 3 1 4 0 3 2 0 2 3 3 3 3 1 1 2 1 1
3 4 1 2 5 7 11 14 26 0 21 25 35 29 89 33 38 25 19 10 5 8 5 9 8 7 7 6 7 10 2 4 4 1 1 0 0 1 1 3 1 4 4 1 2 0 3 0 0 1 3 2 2 1 0 0 1 1 2 3 0 0 0 0 2 2 0 1 1 1 1 1 0 2 2 1 2 1 1 3 1 1 2 2 0 3 5 1 2 0 0 1 1 1 2 2 0 2 1 0
6 3 7 3 9 3 12 15 21 21 0 102 61 13 37 21 26 44 140 32 15 11 15 13 12 15 15 7 12 11 7 5 1 2 6 4 2 2 5 6 1 1 4 3 4 0 5 2 1 0 0 1 1 1 1 0 2 2 2 1 1 0 0 0 1 0 1 1 0 0 1 2 0 3 0 2 1 2 3 3 3 1 2 2 4 3 2 4 4 7 2 0 3 0 0 0 2 1 5 2
3 3 4 5 1 11 5 11 19 25 102 0 30 9 17 17 35 56 735 108 8 9 14 8 8 19 10 6 6 4 6 2 2 2 3 1 1 1 3 3 1 8 4 1 2 1 1 1 2 1 0 1 2 3 2 1 0 1 1 1 1 1 3 3 0 1 3 3 0 0 0 3 1 0 0 4 0 5 2 1 1 2 1 1 3 4 0 0 2 1 5 2 1 3 0 0 0 0 1 2
5 5 1 4 3 2 10 7 13 35 61 30 0 6 36 27 20 23 40 15 6 6 5 5 5 12 12 10 9 8 4 6 3 6 1 2 2 2 1 2 1 0 2 3 2 1 1 1 0 2 0 0 0 1 1 2 0 1 1 0 4 2 2 0 1 5 1 0 3 2 1 2 2 2 0 0 1 0 0 1 3 3 0 2 4 2 2 3 1 2 3 3 3 2 0 2 0 3 2 1
4 8 9 7 5 13 13 17 12 29 13 9 6 0 23 9 15 11 7 10 6 5 3 10 7 6 9 5 13 10 3 4 1 5 3 1 3 3 6 1 1 0 1 0 0 3 1 2 2 0 6 1 5 0 1 0 0 1 0 0 1 1 0 0 1 2 2 2 1 1 0 0 1 3 1 2 1 1 3 3 3 3 5 1 5 5 2 0 3 2 1 2 0 0 4 0 0 0 0 0
2 11 4 3 5 12 11 29 45 89 37 17 36 23 0 28 29 32 22 18 7 8 8 14 4 10 11 7 6 8 7 2 5 1 1 4 2 4 2 2 3 2 1 2 0 3 2 0 0 0 1 2 1 0 1 0 0 0 1 1 0 0 0 1 2 0 3 1 2 3 0 1 2 1 1 2 0 3 2 6 2 0 3 2 2 5 1 1 1 2 2 1 0 0 2 3 0 1 1 4
3 3 3 7 2 8 10 25 30 33 21 17 27 9 28 0 203 16 22 13 6 3 9 7 5 3 6 2 8 5 6 1 2 7 0 2 1 2 0 3 1 2 1 0 0 1 1 1 3 0 0 1 1 1 1 2 0 1 1 0 3 1 0 0 1 0 1 1 0 1 0 0 0 0 0 2 0 3 0 1 2 4 1 1 3 1 1 3 1 1 1 2 4 1 2 1 1 1 0 2
6 3 2 7 3 11 15 35 41 38 26 35 20 15 29 203 0 26 17 13 7 4 2 4 14 7 8 5 8 6 4 5 2 2 6 0 2 1 1 2 0 0 1 3 1 1 1 1 1 4 1 2 2 0 0 1 1 3 2 0 1 0 0 1 0 3 1 0 2 0 1 0 1 1 1 1 1 1 2 2 1 2 1 1 1 0 3 1 0 1 2 2 1 2 2 0 0 3 2 2
5 8 1 14 5 16 15 36 64 25 44 56 23 11 32 16 26 0 45 38 16 12 12 12 9 11 13 5 5 5 8 4 2 4 2 1 4 7 1 2 1 3 1 3 0 1 1 3 1 1 2 1 1 0 2 1 2 1 4 0 0 1 0 0 1 0 0 1 0 3 2 0 2 2 1 2 2 1 3 0 3 0 2 4 2 0 4 0 2 2 2 4 1 2 0 4 0 0 0 1
2 3 2 5 4 5 6 7 20 19 140 735 40 7 22 22 17 45 0 119 18 15 7 15 13 8 11 6 7 11 6 1 1 3 3 3 1 5 1 3 3 5 1 1 2 0 4 2 1 1 2 0 0 4 1 2 2 1 0 1 2 2 1 1 1 1 1 0 1 2 0 1 4 1 3 2 5 2 0 6 3 5 1 2 2 3 1 2 4 1 3 2 0 1 2 0 2 2 2 4
2 5 7 7 3 9 7 15 18 10 32 108 15 10 18 13 13 38 119 0 25 13 12 6 5 17 19 11 6 6 11 3 3 1 4 0 2 3 0 0 3 5 2 1 1 0 0 3 2 2 3 1 2 3 2 2 0 1 2 1 0 1 2 0 1 2 2 1 0 1 2 2 1 0 2 3 3 5 1 4 4 6 2 7 3 3 2 4 4 1 3 3 1 3 1 2 0 1 1 1
4 1 4 4 1 6 10 4 7 5 15 8 6 6 7 6 7 16 18 25 0 31 28 25 25 28 28 12 6 7 14 2 1 6 5 2 4 1 2 1 2 7 1 3 4 1 6 6 0 2 0 3 0 3 1 0 1 1 0 1 1 1 0 0 2 2 5 0 0 2 4 1 2 0 3 2 1 2 2 5 7 11 4 9 4 0 4 3 2 2 1 4 2 0 3 1 0 4 1 4
2 1 2 2 4 2 2 3 10 8 11 9 6 5 8 3 4 12 15 13 31 0 121 14 15 38 17 9 3 7 6 7 5 2 4 6 1 1 1 1 1 0 2 4 2 0 0 3 1 3 2 0 0 0 2 1 1 0 1 0 0 1 1 1 0 5 2 3 0 0 2 3 1 1 2 0 2 4 4 4 7 1 5 4 3 5 3 2 2 7 2 0 0 3 2 0 2 4 1 2
4 2 2 3 3 1 6 4 5 5 15 14 5 3 8 9 2 12 7 12 28 121 0 20 22 27 38 11 5 9 8 8 4 9 5 5 4 3 2 2 5 2 3 3 1 3 2 3 3 2 1 1 2 2 0 1 1 3 1 1 1 0 4 2 1 2 1 1 1 0 3 2 1 2 2 3 2 2 2 8 7 2 10 5 3 5 2 4 4 1 4 6 1 3 3 5 2 2 6 1
4 3 2 6 4 6 2 4 12 9 13 8 5 10 14 7 4 12 15 6 25 14 20 0 59 54 94 26 18 20 17 5 0 7 4 3 5 3 4 7 2 2 4 1 0 2 3 3 3 3 2 0 3 0 1 0 0 1 2 1 2 0 1 1 3 4 3 1 1 1 2 0 1 1 4 0 1 2 1 3 2 5 4 6 5 2 2 0 3 4 4 3 2 6 0 1 1 3 1 3
4 7 3 3 6 5 7 6 10 8 12 8 5 7 4 5 14 9 13 5 25 15 22 59 0 23 34 17 21 28 72 9 3 7 10 5 4 2 4 4 4 7 2 1 2 3 3 3 2 3 2 4 1 1 1 1 5 1 1 1 3 2 1 1 1 2 0 3 0 1 1 3 2 1 2 1 3 4 5 8 3 9 3 7 2 4 6 3 4 4 4 0 3 3 0 0 2 0 2 1
1 2 6 3 2 5 7 8 4 7 15 19 12 6 10 3 7 11 8 17 28 38 27 54 23 0 225 14 8 17 6 3 8 4 3 2 2 2 2 4 4 2 2 6 2 1 1 2 3 3 1 0 1 1 1 0 0 0 1 1 1 1 0 1 2 0 1 3 2 0 2 0 0 0 1 0 1 3 4 5 5 4 2 6 6 4 0 4 3 1 0 3 0 2 1 0 0 1 0 4
8 1 3 3 3 5 5 13 9 7 15 10 12 9 11 6 8 13 11 19 28 17 38 94 34 225 0 18 17 18 19 7 2 7 5 5 3 4 3 4 3 0 3 4 3 2 5 2 1 1 4 5 1 2 2 0 2 0 0 3 0 2 1 1 1 3 1 0 0 0 0 4 2 0 1 0 2 3 5 2 5 5 6 4 5 4 4 2 4 5 4 5 3 3 2 1 1 2 4 3
6 3 1 7 1 6 7 5 5 6 7 6 10 5 7 2 5 5 6 11 12 9 11 26 17 14 18 0 75 62 32 10 8 13 5 13 5 4 2 3 2 4 3 4 2 3 3 1 1 2 2 2 1 2 2 1 1 2 1 0 1 1 1 4 1 1 2 1 0 0 1 0 1 0 1 4 1 1 2 4 2 2 1 2 1 6 0 1 5 1 0 2 6 3 0 1 3 0 1 2
10 9 8 6 5 6 5 3 8 7 12 6 9 13 6 8 8 5 7 6 6 3 5 18 21 8 17 75 0 127 20 2 6 5 8 4 4 7 6 3 2 1 3 3 5 1 2 0 4 1 1 2 3 2 3 1 1 1 0 0 2 1 2 0 0 1 1 0 1 1 0 0 1 0 2 2 1 1 2 5 4 1 3 1 7 1 1 4 4 2 1 2 2 5 1 2 1 2 0 2
9 7 3 7 5 8 8 5 10 10 11 4 8 10 8 5 6 5 11 6 7 7 9 20 28 17 18 62 127 0 22 12 14 7 7 7 13 2 2 2 2 7 3 3 3 1 4 1 4 1 0 1 4 3 0 0 1 0 1 2 2 1 1 2 1 2 4 1 1 4 5 2 3 0 2 3 1 2 1 4 6 3 4 3 4 1 5 4 3 2 1 3 1 0 1 0 1 1 2 4
2 6 2 3 4 6 1 6 5 2 7 6 4 3 7 6 4 8 6 11 14 6 8 17 72 6 19 32 20 22 0 16 5 9 7 7 5 8 6 6 3 4 5 2 4 0 2 3 3 3 2 1 1 4 1 1 2 1 2 2 2 2 0 0 0 1 3 2 1 3 1 1 2 1 2 2 0 2 1 3 5 4 7 3 3 2 1 2 5 1 2 6 1 4 0 4 2 0 1 1
2 7 2 2 6 2 4 6 3 4 5 2 6 4 2 1 5 4 1 3 2 7 8 5 9 3 7 10 2 12 16 0 71 52 39 14 8 12 4 7 5 2 3 2 3 3 3 4 5 3 2 4 3 6 1 1 4 2 3 1 0 0 4 1 2 3 1 5 2 3 2 2 0 5 1 0 2 1 3 2 2 5 2 6 2 8 3 4 4 3 3 4 4 4 3 1 0 2 2 1
3 6 1 3 9 3 4 3 3 4 1 2 3 1 5 2 2 2 1 3 1 5 4 0 3 8 2 8 6 14 5 71 0 28 24 17 8 6 4 7 7 3 3 2 1 2 3 1 4 4 0 1 3 0 0 0 3 1 1 1 2 1 0 2 2 1 2 0 2 0 2 1 3 2 1 0 1 3 2 3 6 5 2 4 2 8 3 4 1 4 6 1 0 1 2 2 1 2 1 3
3 2 4 5 6 4 1 1 2 1 2 2 6 5 1 7 2 4 3 1 6 2 9 7 7 4 7 13 5 7 9 52 28 0 42 21 16 10 9 17 3 10 6 2 1 4 6 6 2 2 0 2 4 5 2 0 2 1 1 3 0 3 5 4 2 4 4 0 1 3 4 3 1 4 0 4 5 5 2 2 6 7 3 2 7 7 4 4 6 5 2 8 1 3 1 0 1 3 2 4
12 9 1 3 7 7 1 6 1 1 6 3 1 3 1 0 6 2 3 4 5 4 5 4 10 3 5 5 8 7 7 39 24 42 0 22 28 7 16 12 5 6 5 5 2 1 1 7 6 2 1 5 1 2 1 1 3 1 2 1 1 1 1 0 2 3 1 1 3 4 1 3 4 2 1 0 0 2 2 2 3 1 9 9 3 4 2 3 0 3 1 0 2 2 2 1 1 2 4 1
8 3 2 2 6 3 4 2 3 0 4 1 2 1 4 2 0 1 3 0 2 6 5 3 5 2 5 13 4 7 7 14 17 21 22 0 91 50 33 12 12 9 4 4 2 2 11 8 3 3 6 2 3 1 4 2 1 3 1 1 0 3 2 3 0 4 2 2 2 2 1 1 2 2 2 2 0 2 5 4 5 4 2 1 5 5 3 1 4 3 2 1 2 1 0 2 0 1 3 4
7 3 5 3 10 2 4 2 4 0 2 1 2 3 2 1 2 4 1 2 4 1 4 5 4 2 3 5 4 13 5 8 8 16 28 91 0 47 29 15 7 11 8 3 4 4 8 5 7 4 4 7 1 1 0 2 1 2 2 1 4 4 2 2 1 4 2 0 0 5 2 1 1 1 3 3 2 3 2 6 3 5 5 6 4 3 1 3 2 2 0 4 3 1 2 1 2 2 0 5
9 8 7 3 6 4 1 4 1 1 2 1 2 3 4 2 1 7 5 3 1 1 3 3 2 2 4 4 7 2 8 12 6 10 7 50 47 0 25 15 5 13 7 10 6 4 10 8 6 4 2 5 2 1 4 1 3 0 1 0 2 1 1 2 1 2 3 0 1 3 3 1 0 2 3 1 2 3 5 2 1 3 0 2 1 7 3 0 3 6 2 2 1 1 2 0 1 2 2 1
2 4 4 4 11 4 2 1 3 1 5 3 1 6 2 0 1 1 1 0 2 1 2 4 4 2 3 2 6 2 6 4 4 9 16 33 29 25 0 101 13 29 11 11 8 7 15 11 6 6 6 6 8 2 2 3 1 0 1 5 1 2 1 3 1 0 5 3 2 1 2 1 2 4 1 3 4 5 6 7 3 9 3 5 4 3 4 5 5 7 6 3 2 4 1 0 1 2 1 2
3 3 4 3 10 4 3 3 1 3 6 3 2 1 2 3 2 2 3 0 1 1 2 7 4 4 4 3 3 2 6 7 7 17 12 12 15 15 101 0 21 22 5 12 6 6 14 16 4 2 2 7 8 4 5 2 1 3 2 1 3 2 0 2 2 2 5 4 3 4 5 2 2 3 2 1 2 3 5 2 8 8 3 2 3 3 2 4 4 2 3 1 7 3 1 0 2 2 1 0
3 3 7 3 7 6 3 2 2 1 1 1 1 1 3 1 0 1 3 3 2 1 5 2 4 4 3 2 2 2 3 5 7 3 5 12 7 5 13 21 0 31 34 35 12 17 41 18 17 8 11 8 7 7 5 3 4 3 3 1 3 4 6 8 2 1 5 2 3 1 5 5 5 3 1 2 2 4 5 2 3 5 0 5 9 5 3 6 5 3 2 5 5 5 2 2 1 1 3 7
3 4 1 4 15 2 2 5 2 4 1 8 0 0 2 2 0 3 5 5 7 0 2 2 7 2 0 4 1 7 4 2 3 10 6 9 11 13 29 22 31 0 31 16 12 4 17 14 8 5 5 10 6 4 3 4 4 3 1 2 1 2 1 1 0 5 3 4 3 0 1 4 2 8 1 4 3 2 3 5 6 7 4 6 5 4 3 2 4 3 3 3 2 0 1 1 0 2 4 3
2 8 2 5 6 6 1 1 1 4 4 4 2 1 1 1 1 1 1 2 1 2 3 4 2 2 3 3 3 3 5 3 3 6 5 4 8 7 11 5 34 31 0 42 28 19 21 14 6 13 10 15 6 4 3 5 3 2 1 5 3 6 1 2 4 4 8 9 3 3 5 0 0 3 4 4 6 2 2 6 4 10 1 4 5 5 4 2 9 4 6 6 4 2 0 4 1 2 3 3
3 1 3 2 2 4 3 1 3 1 3 1 3 0 2 0 3 3 1 1 3 4 3 1 1 6 4 4 3 3 2 2 2 2 5 4 3 10 11 12 35 16 42 0 23 16 30 29 18 13 20 20 11 6 1 2 3 3 6 9 4 2 2 4 8 2 7 7 5 3 1 5 5 6 4 4 10 6 2 4 6 4 3 7 5 3 6 3 3 6 3 6 1 2 2 1 3 4 1 4
1 2 2 7 2 1 2 1 3 2 4 2 2 0 0 0 1 0 2 1 4 2 1 0 2 2 3 2 5 3 4 3 1 1 2 2 4 6 8 6 12 12 28 23 0 17 13 7 9 17 19 20 11 16 6 7 5 2 4 5 3 4 3 9 2 4 9 9 6 3 6 4 1 5 6 6 3 5 2 1 9 1 1 6 4 0 2 1 2 0 4 1 0 2 3 3 4 1 3 5
2 2 2 5 1 4 1 4 1 0 0 1 1 3 3 1 1 1 0 0 1 0 3 2 3 1 2 3 1 1 0 3 2 4 1 2 4 4 7 6 17 4 19 16 17 0 19 9 26 14 18 17 18 39 12 4 6 4 3 4 3 5 6 1 4 3 6 3 4 4 3 2 2 2 2 5 4 1 4 6 5 1 3 2 5 3 2 1 2 3 1 2 2 2 1 2 1 2 0 0
2 6 4 2 3 2 2 3 1 3 5 1 1 1 2 1 1 1 4 0 6 0 2 3 3 1 5 3 2 4 2 3 3 6 1 11 8 10 15 14 41 17 21 30 13 19 0 81 36 9 13 8 9 10 5 5 2 3 3 5 3 2 6 6 3 4 5 1 3 3 2 1 2 1 2 3 7 3 4 4 9 2 5 6 2 2 1 3 4 7 2 4 1 2 2 1 1 3 1 1
2 2 2 0 3 1 3 2 1 0 2 1 1 2 0 1 1 3 2 3 6 3 3 3 3 2 2 1 0 1 3 4 1 6 7 8 5 8 11 16 18 14 14 29 7 9 81 0 46 13 22 13 16 10 5 5 2 7 3 2 1 2 5 1 2 1 5 6 4 1 3 2 2 5 5 5 4 5 5 2 4 5 4 2 4 3 2 3 3 7 3 4 0 2 2 0 2 1 4 2
1 0 0 2 0 0 3 1 1 0 1 2 0 2 0 3 1 1 1 2 0 1 3 3 2 3 1 1 4 4 3 5 4 2 6 3 7 6 6 4 17 8 6 18 9 26 36 46 0 23 20 15 11 10 7 3 8 9 5 7 2 8 5 2 3 2 1 3 4 3 8 4 4 3 3 3 7 5 5 4 0 1 2 4 5 3 5 4 6 1 3 4 3 7 1 2 3 1 4 4
6 3 3 1 3 0 2 2 1 1 0 1 2 0 0 0 4 1 1 2 2 3 2 3 3 3 1 2 1 1 3 3 4 2 2 3 4 4 6 2 8 5 13 13 17 14 9 13 23 0 109 112 179 42 11 6 12 9 7 12 10 6 6 8 6 9 13 9 10 3 6 4 1 2 8 5 1 2 3 0 5 0 4 2 2 0 1 2 4 7 3 5 0 3 3 1 1 4 0 2
2 4 1 2 2 1 2 2 0 3 0 0 0 6 1 0 1 2 2 3 0 2 1 2 2 1 4 2 1 0 2 2 0 0 1 6 4 2 6 2 11 5 10 20 19 18 13 22 20 109 0 102 134 25 9 6 14 9 2 8 11 9 8 6 6 6 12 5 8 6 6 7 3 3 7 7 8 3 2 4 8 6 1 3 3 5 0 2 4 5 5 3 1 2 1 4 6 5 2 2
2 2 1 4 2 0 0 1 2 2 1 1 0 1 2 1 2 1 0 1 3 0 1 0 4 0 5 2 2 1 1 4 1 2 5 2 7 5 6 7 8 10 15 20 20 17 8 13 15 112 102 0 178 39 12 4 13 7 9 13 6 5 4 9 3 8 11 5 7 5 6 4 1 5 8 1 7 4 5 2 1 2 2 2 2 2 2 3 2 4 2 5 3 1 2 1 1 4 4 4
3 4 1 4 5 3 2 1 0 2 1 2 0 5 1 1 2 1 0 2 0 0 2 3 1 1 1 1 3 4 1 3 3 4 1 3 1 2 8 8 7 6 6 11 11 18 9 16 11 179 134 178 0 35 17 10 12 18 6 19 7 6 7 3 9 11 13 4 4 7 4 6 3 2 5 7 1 3 6 0 2 5 2 4 1 4 0 1 4 1 5 3 1 4 0 0 3 2 3 0
5 0 1 4 3 2 1 1 2 1 1 3 1 0 0 1 0 0 4 3 3 0 2 0 1 1 2 2 2 3 4 6 0 5 2 1 1 1 2 4 7 4 4 6 16 39 10 10 10 42 25 39 35 0 18 2 8 11 6 13 5 3 4 2 3 3 5 3 5 4 0 2 0 1 6 2 3 4 1 2 1 1 0 1 4 5 1 3 4 0 5 1 2 2 0 1 1 1 2 1
1 0 2 5 0 1 1 4 1 0 1 2 1 1 1 1 0 2 1 2 1 2 0 1 1 1 2 2 3 0 1 1 0 2 1 4 0 4 2 5 5 3 3 1 6 12 5 5 7 11 9 12 17 18 0 13 25 65 12 42 12 8 6 10 3 6 7 8 6 5 2 6 1 2 6 2 1 3 2 2 2 5 1 4 3 3 2 0 4 3 5 3 2 4 0 1 0 2 1 3
2 3 1 0 3 0 1 2 1 0 0 1 2 0 0 2 1 1 2 2 0 1 1 0 1 0 0 1 1 0 1 1 0 0 1 2 2 1 3 2 3 4 5 2 7 4 5 5 3 6 6 4 10 2 13 0 16 17 13 17 14 22 16 6 12 6 12 8 13 4 2 5 4 3 4 2 4 2 5 1 3 2 1 2 0 1 1 3 6 2 1 3 3 1 2 3 1 2 2 3
3 3 1 3 2 0 3 1 0 1 2 0 0 0 0 0 1 2 2 0 1 1 1 0 5 0 2 1 1 1 2 4 3 2 3 1 1 3 1 1 4 4 3 3 5 6 2 2 8 12 14 13 12 8 25 16 0 43 17 102 15 26 12 10 6 3 8 10 13 5 5 3 5 3 0 8 7 3 0 0 3 1 0 4 2 3 0 1 4 4 2 5 4 2 3 4 2 2 1 3
1 0 1 0 3 0 1 2 1 1 2 1 1 1 0 1 3 1 1 1 1 0 3 1 1 0 0 2 1 0 1 2 1 1 1 3 2 0 0 3 3 3 2 3 2 4 3 7 9 9 9 7 18 11 65 17 43 0 33 101 11 15 9 5 9 7 10 10 6 8 1 2 4 5 3 3 5 4 2 2 4 2 1 1 5 3 1 0 1 3 2 2 2 0 2 0 1 0 3 3
1 1 1 2 2 3 0 1 2 2 2 1 1 0 1 1 2 4 0 2 0 1 1 2 1 1 0 1 0 1 2 3 1 1 2 1 2 1 1 2 3 1 1 6 4 3 3 3 5 7 2 9 6 6 12 13 17 33 0 24 8 7 11 4 9 2 5 8 8 7 5 4 2 2 3 5 4 2 5 1 1 2 3 2 5 2 0 1 2 1 1 1 0 2 1 1 1 3 4 2
1 4 3 1 2 0 3 0 2 3 1 1 0 0 1 0 0 0 1 1 1 0 1 1 1 1 3 0 0 2 2 1 1 3 1 1 1 0 5 1 1 2 5 9 5 4 5 2 7 12 8 13 19 13 42 17 102 101 24 0 18 15 12 5 9 7 11 15 9 12 4 4 2 1 2 4 5 0 1 1 2 2 1 3 1 4 1 3 1 3 1 3 0 1 2 1 1 1 3 1
1 1 0 0 1 2 2 1 0 0 1 1 4 1 0 3 1 0 2 0 1 0 1 2 3 1 0 1 2 2 2 0 2 0 1 0 4 2 1 3 3 1 3 4 3 3 3 1 2 10 11 6 7 5 12 14 15 11 8 18 0 204 48 15 16 5 5 20 25 15 3 5 4 7 11 3 8 2 4 2 1 3 2 3 4 7 1 2 1 1 3 2 3 4 1 4 1 6 1 4
0 0 1 3 1 0 1 1 1 0 0 1 2 1 0 1 0 1 2 1 1 1 0 0 2 1 2 1 1 1 2 0 1 3 1 3 4 1 2 2 4 2 6 2 4 5 2 2 8 6 9 5 6 3 8 22 26 15 7 15 204 0 47 18 12 6 5 20 29 13 6 8 7 5 6 2 3 1 1 1 1 2 0 2 1 2 1 3 2 4 4 1 2 2 4 1 3 7 4 2
1 2 1 4 0 0 1 2 3 0 0 3 2 0 0 0 0 0 1 2 0 1 4 1 1 0 1 1 2 1 0 4 0 5 1 2 2 1 1 0 6 1 1 2 3 6 6 5 5 6 8 4 7 4 6 16 12 9 11 12 48 47 0 40 16 10 7 40 51 24 7 6 8 8 10 2 7 3 3 2 5 2 3 4 4 2 2 3 1 4 2 4 3 1 3 6 1 4 2 4
2 2 2 2 3 1 1 0 3 0 0 3 0 0 1 0 1 0 1 0 0 1 2 1 1 1 1 4 0 2 0 1 2 4 0 3 2 2 3 2 8 1 2 4 9 1 6 1 2 8 6 9 3 2 10 6 10 5 4 5 15 18 40 0 18 17 13 68 89 29 13 12 9 8 12 10 7 6 5 3 6 2 2 3 3 2 1 3 2 3 7 3 6 4 4 4 3 2 6 6
1 2 0 0 2 1 2 1 0 2 1 0 1 1 2 1 0 1 1 1 2 0 1 3 1 2 1 1 0 1 0 2 2 2 2 0 1 1 1 2 2 0 4 8 2 4 3 2 3 6 6 3 9 3 3 12 6 9 9 9 16 12 16 18 0 15 11 34 25 10 5 3 5 3 9 14 7 5 5 7 3 1 4 4 2 3 5 3 3 0 5 2 5 3 5 4 3 2 4 3
3 2 3 1 2 1 2 1 2 2 0 1 5 2 0 0 3 0 1 2 2 5 2 4 2 0 3 1 1 2 1 3 1 4 3 4 4 2 0 2 1 5 4 2 4 3 4 1 2 9 6 8 11 3 6 6 3 7 2 7 5 6 10 17 15 0 19 18 28 11 5 10 7 19 39 56 16 7 3 6 6 3 5 4 1 8 0 4 2 6 9 3 5 5 6 3 2 6 7 8
5 1 4 2 3 5 2 1 1 0 1 3 1 2 3 1 1 0 1 2 5 2 1 3 0 1 1 2 1 4 3 1 2 4 1 2 2 3 5 5 5 3 8 7 9 6 5 5 1 13 12 11 13 5 7 12 8 10 5 11 5 5 7 13 11 19 0 14 18 7 6 5 6 15 20 21 8 7 9 0 5 6 0 6 5 6 7 6 1 7 3 5 3 4 1 5 3 3 3 6
4 3 5 1 2 2 4 3 1 1 1 3 0 2 1 1 0 1 0 1 0 3 1 1 3 3 0 1 0 1 2 5 0 0 1 2 0 0 3 4 2 4 9 7 9 3 1 6 3 9 5 5 4 3 8 8 10 10 8 15 20 20 40 68 34 18 14 0 263 18 4 9 6 9 8 9 12 4 2 3 2 2 1 1 4 2 3 3 0 4 6 6 3 4 1 3 3 2 5 4
2 1 3 0 3 0 2 1 1 1 0 0 3 1 2 0 2 0 1 0 0 0 1 1 0 2 0 0 1 1 1 2 2 1 3 2 0 1 2 3 3 3 3 5 6 4 3 4 4 10 8 7 4 5 6 13 13 6 8 9 25 29 51 89 25 28 18 263 0 13 6 8 5 4 14 6 7 5 5 4 6 2 3 3 1 5 4 3 2 3 5 2 3 3 2 2 1 3 5 3
4 1 0 2 1 1 0 1 1 1 0 0 2 1 3 1 0 3 2 1 2 0 0 1 1 0 0 0 1 4 3 3 0 3 4 2 5 3 1 4 1 0 3 3 3 4 3 1 3 3 6 5 7 4 5 4 5 8 7 12 15 13 24 29 10 11 7 18 13 0 14 13 15 7 6 4 12 6 5 1 4 1 0 2 3 4 3 6 5 6 2 2 2 4 5 7 5 2 4 6
2 0 1 1 0 2 0 0 1 1 1 0 1 0 0 0 1 2 0 2 4 2 3 2 1 2 0 1 0 5 1 2 2 4 1 1 2 3 2 5 5 1 5 1 6 3 2 3 8 6 6 6 4 0 2 2 5 1 5 4 3 6 7 13 5 5 6 4 6 14 0 100 109 12 11 3 17 6 8 4 2 2 3 1 3 8 5 7 5 6 9 8 6 7 8 3 8 6 7 6
3 2 1 2 1 2 1 2 0 1 2 3 2 0 1 0 0 0 1 2 1 3 2 0 3 0 4 0 0 2 1 2 1 3 3 1 1 1 1 2 5 4 0 5 4 2 1 2 4 4 7 4 6 2 6 5 3 2 4 4 5 8 6 12 3 10 5 9 8 13 100 0 60 22 12 4 19 11 5 7 8 2 4 5 5 4 2 5 6 15 9 7 12 1 7 6 5 4 6 7
1 4 3 3 1 0 0 1 0 0 0 1 2 1 2 0 1 2 4 1 2 1 1 1 2 0 2 1 1 3 2 0 3 1 4 2 1 0 2 2 5 2 0 5 1 2 2 2 4 1 3 1 3 0 1 4 5 4 2 2 4 7 8 9 5 7 6 6 5 15 109 60 0 9 8 3 14 11 7 6 5 2 2 0 4 5 4 8 8 6 6 4 10 5 7 6 4 4 1 2
0 1 1 2 4 2 5 1 0 2 3 0 2 3 1 0 1 2 1 0 0 1 2 1 1 0 0 0 0 0 1 5 2 4 2 2 1 2 4 3 3 8 3 6 5 2 1 5 3 2 3 5 2 1 2 3 3 5 2 1 7 5 8 8 3 19 15 9 4 7 12 22 9 0 46 33 26 12 5 8 5 5 9 5 5 5 6 7 9 8 14 11 13 9 7 7 8 8 6 19
1 3 5 1 0 1 2 1 2 2 0 0 0 1 1 0 1 1 3 2 3 2 2 4 2 1 1 1 2 2 2 1 1 0 1 2 3 3 1 2 1 1 4 4 6 2 2 5 3 8 7 8 5 6 6 4 0 3 3 2 11 6 10 12 9 39 20 8 14 6 11 12 8 46 0 39 45 10 6 2 4 3 7 11 11 5 7 6 3 9 9 10 12 3 5 8 8 8 10 7
1 2 0 3 2 2 1 2 1 1 2 4 0 2 2 2 1 2 2 3 2 0 3 0 1 0 0 4 2 3 2 0 0 4 0 2 3 1 3 1 2 4 4 4 6 5 3 5 3 5 7 1 7 2 2 2 8 3 5 4 3 2 2 10 14 56 21 9 6 4 3 4 3 33 39 0 9 16 8 6 2 8 3 4 6 8 3 9 5 4 9 9 7 4 4 4 4 7 9 15
2 1 2 3 0 2 2 3 1 2 1 0 1 1 0 0 1 2 5 3 1 2 2 1 3 1 2 1 1 1 0 2 1 5 0 0 2 2 4 2 2 3 6 10 3 4 7 4 7 1 8 7 1 3 1 4 7 5 4 5 8 3 7 7 7 16 8 12 7 12 17 19 14 26 45 9 0 19 14 9 6 2 4 9 11 2 1 5 10 11 17 8 11 5 6 4 3 6 6 12
1 4 5 3 4 2 1 1 0 1 2 5 0 1 3 3 1 1 2 5 2 4 2 2 4 3 3 1 1 2 2 1 3 5 2 2 3 3 5 3 4 2 2 6 5 1 3 5 5 2 3 4 3 4 3 2 3 4 2 0 2 1 3 6 5 7 7 4 5 6 6 11 11 12 10 16 19 0 38 20 31 18 18 29 24 20 7 18 35 73 309 27 17 9 7 2 6 7 13 8
1 3 0 4 1 4 1 1 3 1 3 2 0 3 2 0 2 3 0 1 2 4 2 1 5 4 5 2 2 1 1 3 2 2 2 5 2 5 6 5 5 3 2 2 2 4 4 5 5 3 2 5 6 1 2 5 0 2 5 1 4 1 3 5 5 3 9 2 5 5 8 5 7 5 6 8 14 38 0 36 23 37 12 21 26 85 25 77 69 29 31 16 8 10 6 1 1 8 5 8
8 2 2 4 0 5 0 2 3 3 3 1 1 3 6 1 2 0 6 4 5 4 8 3 8 5 2 4 5 4 3 2 3 2 2 4 6 2 7 2 2 5 6 4 1 6 4 2 4 0 4 2 0 2 2 1 0 2 1 1 2 1 2 3 7 6 0 3 4 1 4 7 6 8 2 6 9 20 36 0 35 97 43 19 56 21 33 53 54 15 14 12 5 3 5 4 3 2 7 5
5 7 2 0 4 1 2 1 3 1 3 1 3 3 2 2 1 3 3 4 7 7 7 2 3 5 5 2 4 6 5 2 6 6 3 5 3 1 3 8 3 6 4 6 9 5 9 4 0 5 8 1 2 1 2 3 3 4 1 2 1 1 5 6 3 6 5 2 6 4 2 8 5 5 4 2 6 31 23 35 0 65 21 144 206 33 14 32 28 25 39 21 5 6 7 1 4 3 7 1
1 3 1 1 1 2 6 3 2 1 1 2 3 3 0 4 2 0 5 6 11 1 2 5 9 4 5 2 1 3 4 5 5 7 1 4 5 3 9 8 5 7 10 4 1 1 2 5 1 0 6 2 5 1 5 2 1 2 2 2 3 2 2 2 1 3 6 2 2 1 2 2 2 5 3 8 2 18 37 97 65 0 26 41 74 37 14 37 30 13 15 11 6 7 2 3 1 1 6 4
4 1 4 3 4 4 3 1 1 2 2 1 0 5 3 1 1 2 1 2 4 5 10 4 3 2 6 1 3 4 7 2 2 3 9 2 5 0 3 3 0 4 1 3 1 3 5 4 2 4 1 2 2 0 1 1 0 1 3 1 2 0 3 2 4 5 0 1 3 0 3 4 2 9 7 3 4 18 12 43 21 26 0 20 23 8 14 14 21 19 19 25 12 8 5 3 3 4 2 6
2 2 2 3 3 2 3 1 3 2 2 1 2 1 2 1 1 4 2 7 9 4 5 6 7 6 4 2 1 3 3 6 4 2 9 1 6 2 5 2 5 6 4 7 6 2 6 2 4 2 3 2 4 1 4 2 4 1 2 3 3 2 4 3 4 4 6 1 3 2 1 5 0 5 11 4 9 29 21 19 144 41 20 0 66 29 16 19 17 19 23 7 6 7 5 5 3 3 5 10
3 7 2 3 6 3 3 2 1 0 4 3 4 5 2 3 1 2 2 3 4 3 3 5 2 6 5 1 7 4 3 2 2 7 3 5 4 1 4 3 9 5 5 5 4 5 2 4 5 2 3 2 1 4 3 0 2 5 5 1 4 1 4 3 2 1 5 4 1 3 3 5 4 5 11 6 11 24 26 56 206 74 23 66 0 59 10 36 32 12 28 12 8 5 4 2 2 2 7 9
0 2 2 3 3 1 0 1 4 3 3 4 2 5 5 1 0 0 3 3 0 5 5 2 4 4 4 6 1 1 2 8 8 7 4 5 3 7 3 3 5 4 5 3 0 3 2 3 3 0 5 2 4 5 3 1 3 3 2 4 7 2 2 2 3 8 6 2 5 4 8 4 5 5 5 8 2 20 85 21 33 37 8 29 59 0 18 54 34 12 20 19 13 5 4 5 5 3 5 7
2 2 1 1 7 2 0 0 0 5 2 0 2 2 1 1 3 4 1 2 4 3 2 2 6 0 4 0 1 5 1 3 3 4 2 3 1 3 4 2 3 3 4 6 2 2 1 2 5 1 0 2 0 1 2 1 0 1 0 1 1 1 2 1 5 0 7 3 4 3 5 2 4 6 7 3 1 7 25 33 14 14 14 16 10 18 0 43 18 10 9 5 11 16 2 3 0 3 1 8
2 0 2 2 1 1 0 1 3 1 4 0 3 0 1 3 1 0 2 4 3 2 4 0 3 4 2 1 4 4 2 4 4 4 3 1 3 0 5 4 6 2 2 3 1 1 3 3 4 2 2 3 1 3 0 3 1 0 1 3 2 3 3 3 3 4 6 3 3 6 7 5 8 7 6 9 5 18 77 53 32 37 14 19 36 54 43 0 91 18 29 13 10 9 6 4 8 2 4 6
1 1 2 2 3 2 3 2 2 2 4 2 1 3 1 1 0 2 4 4 2 2 4 3 4 3 4 5 4 3 5 4 1 6 0 4 2 3 5 4 5 4 9 3 2 2 4 3 6 4 4 2 4 4 4 6 4 1 2 1 1 2 1 2 3 2 1 0 2 5 5 6 8 9 3 5 10 35 69 54 28 30 21 17 32 34 18 91 0 44 48 38 12 8 2 2 7 5 6 9
4 2 1 0 3 1 1 2 0 0 7 1 2 2 2 1 1 2 1 1 2 7 1 4 4 1 5 1 2 2 1 3 4 5 3 3 2 6 7 2 3 3 4 6 0 3 7 7 1 7 5 4 1 0 3 2 4 3 1 3 1 4 4 3 0 6 7 4 3 6 6 15 6 8 9 4 11 73 29 15 25 13 19 19 12 12 10 18 44 0 111 107 18 12 6 6 9 4 5 14
5 0 2 1 3 1 1 3 2 0 2 5 3 1 2 1 2 2 3 3 1 2 4 4 4 0 4 0 1 1 2 3 6 2 1 2 0 2 6 3 2 3 6 3 4 1 2 3 3 3 5 2 5 5 5 1 2 2 1 1 3 4 2 7 5 9 3 6 5 2 9 9 6 14 9 9 17 309 31 14 39 15 19 23 28 20 9 29 48 111 0 50 17 8 7 1 4 6 6 8
1 0 2 2 2 2 3 2 3 1 0 2 3 2 1 2 2 4 2 3 4 0 6 3 0 3 5 2 2 3 6 4 1 8 0 1 4 2 3 1 5 3 6 6 1 2 4 4 4 5 3 5 3 1 3 3 5 2 1 3 2 1 4 3 2 3 5 6 2 2 8 7 4 11 10 9 8 27 16 12 21 11 25 7 12 19 5 13 38 107 50 0 37 21 6 4 8 9 16 11
3 0 0 2 0 1 2 2 3 1 3 1 3 0 0 4 1 1 0 1 2 0 1 2 3 0 3 6 2 1 1 4 0 1 2 2 3 1 2 7 5 2 4 1 0 2 1 0 3 0 1 3 1 2 2 3 4 2 0 0 3 2 3 6 5 5 3 3 3 2 6 12 10 13 12 7 11 17 8 5 5 6 12 6 8 13 11 10 12 18 17 37 0 25 15 10 30 14 13 19
1 0 0 3 5 1 1 1 3 1 0 3 2 0 0 1 2 2 1 3 0 3 3 6 3 2 3 3 5 0 4 4 1 3 2 1 1 1 4 3 5 0 2 2 2 2 2 2 7 3 2 1 4 2 4 1 2 0 2 1 4 2 1 4 3 5 4 4 3 4 7 1 5 9 3 4 5 9 10 3 6 7 8 7 5 5 16 9 8 12 8 21 25 0 10 11 11 13 10 5
0 2 0 0 2 2 0 3 3 2 0 0 0 4 2 2 2 0 2 1 3 2 3 0 0 1 2 0 1 1 0 3 2 1 2 0 2 2 1 1 2 1 0 2 3 1 2 2 1 3 1 2 0 0 0 2 3 2 1 2 1 4 3 4 5 6 1 1 2 5 8 7 7 7 5 4 6 7 6 5 7 2 5 5 4 4 2 6 2 6 7 6 15 10 0 54 36 12 22 5
0 2 2 0 0 0 0 1 1 2 0 0 2 0 3 1 0 4 0 2 1 0 5 1 0 0 1 1 2 0 4 1 2 0 1 2 1 0 0 0 2 1 4 1 3 2 1 0 2 1 4 1 0 1 1 3 4 0 1 1 4 1 6 4 4 3 5 3 2 7 3 6 6 7 8 4 4 2 1 4 1 3 3 5 2 5 3 4 2 6 1 4 10 11 54 0 27 4 8 3
2 2 3 3 1 0 2 0 1 0 2 0 0 0 0 1 0 0 2 0 0 2 2 1 2 0 1 3 1 1 2 0 1 1 1 0 2 1 1 2 1 0 1 3 4 1 1 2 3 1 6 1 3 1 0 1 2 1 1 1 1 3 1 3 3 2 3 3 1 5 8 5 4 8 8 4 3 6 1 3 4 1 3 3 2 5 0 8 7 9 4 8 30 11 36 27 0 31 18 15
2 1 1 2 1 1 2 1 2 2 1 0 3 0 1 1 3 0 2 1 4 4 2 3 0 1 2 0 2 1 0 2 2 3 2 1 2 2 2 2 1 2 2 4 1 2 3 1 1 4 5 4 2 1 2 2 2 0 3 1 6 7 4 2 2 6 3 2 3 2 6 4 4 8 8 7 6 7 8 2 3 1 4 3 2 3 3 2 5 4 6 9 14 13 12 4 31 0 52 24
2 1 1 1 0 2 1 3 1 1 5 1 2 0 1 0 2 0 2 1 1 1 6 1 2 0 4 1 0 2 1 2 1 2 4 3 0 2 1 1 3 4 3 1 3 0 1 4 4 0 2 4 3 2 1 2 1 3 4 3 1 4 2 6 4 7 3 5 5 4 7 6 1 6 10 9 6 13 5 7 7 6 2 5 7 5 1 4 6 5 6 16 13 10 22 8 18 52 0 98
1 4 2 3 1 1 3 0 1 0 2 2 1 0 4 2 2 1 4 1 4 2 1 3 1 4 3 2 2 4 1 1 3 4 1 4 5 1 2 0 7 3 3 4 5 0 1 2 4 2 2 4 0 1 3 3 3 3 2 1 4 2 4 6 3 8 6 4 3 6 6 7 2 19 7 15 12 8 8 5 1 4 6 10 9 7 8 6 9 14 8 11 19 5 5 3 15 24 98 0
